0,2
1,3
1,146
2,5
3,7
4,8
4,168
4,102
5,10
5,23
6,20
7,12
8,21
8,74
8,126
9,22
10,23
11,14
12,27
13,15
14,32
15,34
16,34
16,38
17,34
17,126
18,36
18,72
18,71
18,84
18,16
19,38
20,39
21,39
21,117
22,44
23,44
23,11
24,44
24,23
25,44
25,82
26,44
26,10
26,23
27,45
27,163
28,46
28,120
29,58
30,51
30,59
31,61
31,96
32,52
33,63
34,53
35,64
35,142
36,54
36,101
37,68
38,73
39,77
39,43
40,82
41,91
42,91
42,106
42,113
42,148
43,91
43,160
43,106
44,98
44,160
45,98
45,41
45,113
46,94
46,150
46,30
47,104
48,110
48,9
48,1
49,120
49,121
50,112
51,113
51,41
52,113
52,57
53,126
54,126
54,41
55,133
56,135
57,135
57,139
58,135
58,130
58,139
59,137
60,144
61,143
62,148
62,113
63,148
63,160
63,130
64,148
64,160
64,20
64,19
65,151
66,151
66,7
66,163
67,140
67,29
67,37
67,88
68,152
69,154
70,156
71,157
72,161
73,158
74,162
74,111
75,163
75,146
76,159
76,56
76,134
